Step  Shift      Slide      Rise       Tilt       Roll       Twist    
  
AA_TT
-0.3       -0.3        3.3       -2.6        0.3       35.4    
                                                       
1.72017    0.19796    0.32533   -0.01249    0.00576    0.05913
0.19797    2.12618    0.75074   -0.00581   -0.05309   -0.10162
0.32534    0.75074    7.64359   -0.18348   -0.04547    -0.1485
-0.01249   -0.00581   -0.18349    0.03738    0.00211    0.00597
0.00576   -0.05309   -0.04547    0.00211    0.01961    0.00742
0.05913   -0.10162    -0.1485    0.00597    0.00742    0.02761

AC_GT
0.1       -0.6        3.3       -0.7       -0.6         32    
                                                          
1.28288    0.13127    0.29502    -0.0278    0.00302    0.03646
0.13127    2.97699    2.10518    -0.0228    0.03038   -0.10881
0.29502    2.10518    8.83137    0.04907    0.10478   -0.14741
-0.0278    -0.0228    0.04907    0.03776    0.00378    0.00418
0.00302    0.03038    0.10479    0.00378    0.02306    0.00708
0.03646   -0.10881   -0.14742    0.00418    0.00708    0.03551

AG_CT
-0.4       -0.6        3.4       -2.5        3.1       33.5   
                                                           
1.3999    0.27887    0.27572   -0.03917     0.0208    0.07408
0.27887    1.78493    0.99427   -0.00395   -0.01181   -0.06894
0.27572    0.99427     7.0413   -0.15259   -0.02113   -0.14069
-0.03917   -0.00395   -0.15259    0.03699     0.0041     0.0063
0.0208   -0.01181   -0.02113     0.0041    0.01912      0.005
0.07408   -0.06894   -0.14069     0.0063      0.005    0.02797

AT_AT
0       -0.8        3.3          0       -0.5       30.4   
                                                          
1.04661          0          0    0.03066          0          0
     0    3.76524    2.16877          0   -0.03029   -0.04352
     0    2.16877    9.33735          0    0.06011   -0.09916
0.03066          0          0    0.03494          0          0
     0   -0.03029    0.06011          0    0.02157    0.00877
     0   -0.04352   -0.09916          0    0.00877    0.03122

CA_TG
-0.2       -0.2        3.1        0.2       10.3       29.6                
                                              
1.05328    0.07552    0.23196   -0.03375    0.00158   -0.01277
0.07552    1.79677    0.52999   -0.00472    0.02114   -0.03759
0.23197       0.53    6.30474    0.01221   -0.07708     -0.144
-0.03375   -0.00472    0.01221    0.02498   -0.00127    0.00137
0.00158    0.02114   -0.07708   -0.00127    0.01647    0.00541
-0.01277   -0.03759   -0.14399    0.00137    0.00541    0.01534

CC_GG
 0.2       -0.7        3.5          0        4.9       32.7        
                                                      
1.43205   -0.29768   -0.35747   -0.08468   -0.01448   -0.03982
-0.29768     1.5731    1.18241   -0.00677    0.01068   -0.09303
-0.35748    1.18243    7.85985    0.25771    0.00156   -0.11971
-0.08468   -0.00677    0.25771    0.04202    0.00134    0.00022
-0.01448    0.01068    0.00156    0.00134    0.02012    0.00493
-0.03982   -0.09303    -0.1197    0.00022    0.00493    0.02602

CG_CG
0          0        3.1          0        9.3       29.8      
                                                        
1.05459          0          0   -0.07841          0          0
     0    1.91048    0.56341          0    0.02388   -0.05037
     0    0.56342    6.11191          0   -0.04625   -0.14832
-0.07841          0          0    0.02587          0          0
     0    0.02388   -0.04625          0    0.01562    0.00319
     0   -0.05037   -0.14832          0    0.00319      0.014

CT_AG
0.4       -0.6        3.4        2.5        3.1       33.5                 
                                             
1.3999   -0.27887   -0.27572   -0.03917    -0.0208   -0.07408
-0.27887    1.78493    0.99427    0.00395   -0.01181   -0.06894
-0.27572    0.99427     7.0413    0.15259   -0.02113   -0.14069
-0.03917    0.00395    0.15259    0.03699    -0.0041    -0.0063
-0.0208   -0.01181   -0.02113    -0.0041    0.01912      0.005
-0.07408   -0.06894   -0.14069    -0.0063      0.005    0.02797

GA_TC
-0.4       -0.3        3.4       -1.6        1.6       36.6                
                                              
1.31766    0.29517    0.40655   -0.04665    0.00977    0.01782
0.29517    1.87898    1.00952    0.00116   -0.01328   -0.09736
0.40656    1.00952    8.48201   -0.25663   -0.01013   -0.12376
-0.04665    0.00116   -0.25663    0.03758   -0.00252    0.00117
0.00977   -0.01328   -0.01012   -0.00252    0.02025    0.00861
0.01782   -0.09736   -0.12376    0.00117    0.00861    0.02441

GC_GC
0       -0.4        3.5          0       -1.3       35.7     
                                                         
 1.179          0          0   -0.08357          0          0
     0    2.58821    2.05067          0    0.08753   -0.07364
     0    2.05063    9.46559          0     0.1572   -0.18431
-0.08357          0          0    0.03618          0          0
     0    0.08753     0.1572          0    0.02569    0.00442
     0   -0.07364   -0.18431          0    0.00442    0.02238

GG_CC
-0.2       -0.7        3.5          0        4.9       32.7   
                                                           
1.43205    0.29768    0.35747   -0.08468    0.01448    0.03982
0.29768     1.5731    1.18241    0.00677    0.01068   -0.09303
0.35748    1.18243    7.85985   -0.25771    0.00156   -0.11971
-0.08468    0.00677   -0.25771    0.04202   -0.00134   -0.00022
0.01448    0.01068    0.00156   -0.00134    0.02012    0.00493
0.03982   -0.09303    -0.1197   -0.00022    0.00493    0.02602

GT_AC
-0.1       -0.6        3.3        0.7       -0.6         32                
                                              
1.28288   -0.13127   -0.29502    -0.0278   -0.00302   -0.03646
-0.13127    2.97699    2.10518     0.0228    0.03038   -0.10881
-0.29502    2.10518    8.83137   -0.04907    0.10478   -0.14741
-0.0278     0.0228   -0.04907    0.03776   -0.00378   -0.00418
-0.00302    0.03038    0.10479   -0.00378    0.02306    0.00708
-0.03646   -0.10881   -0.14742   -0.00418    0.00708    0.03551

TA_TA
0       -0.2        3.2          0         10       28.9     
                                                         
0.64315          0          0   -0.01544          0          0
     0    1.24864    0.53653          0    0.02038   -0.04224
     0    0.53653    6.07971          0   -0.07916   -0.14834
-0.01544          0          0      0.019          0          0
     0    0.02038   -0.07916          0    0.01464    0.00831
     0   -0.04224   -0.14835          0    0.00831    0.01759

TC_GA
0.4       -0.3        3.4        1.6        1.6       36.6                
                                              
1.31766   -0.29517   -0.40655   -0.04665   -0.00977   -0.01782
-0.29517    1.87898    1.00952   -0.00116   -0.01328   -0.09736
-0.40656    1.00952    8.48201    0.25663   -0.01013   -0.12376
-0.04665   -0.00116    0.25663    0.03758    0.00252   -0.00117
-0.00977   -0.01328   -0.01012    0.00252    0.02025    0.00861
-0.01782   -0.09736   -0.12376   -0.00117    0.00861    0.02441

TG_CA
0.2       -0.2        3.1       -0.2       10.3       29.6    
                                                          
1.05328   -0.07552   -0.23196   -0.03375   -0.00158    0.01277
-0.07552    1.79677    0.52999    0.00472    0.02114   -0.03759
-0.23197       0.53    6.30474   -0.01221   -0.07708     -0.144
-0.03375    0.00472   -0.01221    0.02498    0.00127   -0.00137
-0.00158    0.02114   -0.07708    0.00127    0.01647    0.00541
0.01277   -0.03759   -0.14399   -0.00137    0.00541    0.01534

TT_AA
0.3       -0.3        3.3        2.6        0.3       35.4           
                                                   
1.72017   -0.19796   -0.32533   -0.01249   -0.00576   -0.05913
-0.19797    2.12618    0.75074    0.00581   -0.05309   -0.10162
-0.32534    0.75074    7.64359    0.18348   -0.04547    -0.1485
-0.01249    0.00581    0.18349    0.03738   -0.00211   -0.00597
-0.00576   -0.05309   -0.04547   -0.00211    0.01961    0.00742
-0.05913   -0.10162    -0.1485   -0.00597    0.00742    0.02761
